7769690
15559008
23324611
31096519
38855327
46596797
54378819
62170550
69923978
77703159
85469093
93212473
100949263
108733260
116504132
124270884
132060659
139820790
147586562
155329664
163099195
170860900
178628308
186393498
194166496
201937272
209718049
217460688
225245314
233004839
240772368
248532728
256322051
264070300
271820927
279580132
287374168
295098643
302842154
310596270
318358743
326142727
333901748
341676632
349434175
357176188
364939060
372676058
380443421
388186446
395945876
403694111
411475064
419248288
427032201
434776436
442508299
450272397
458057735
465819252
473586632
481357918
489141134
496930070
504675570
512415118
520188986
527960268
535716151
543457876
551224128
558981315
566767481
574539824
582296097
590067461
597819483
605612653
613372530
621141391
628925134
636658621
644396594
652187526
659953220
667709884
675484990
683234817
691011200
698805816
706590470
714344511
722120685
729886644
737644638
745373917
753130932
760898488
768648884
