191710
279501
348766
409074
463241
512486
558781
601844
642641
681180
718386
754017
788264
821764
854300
885226
915622
944945
974114
1001954
1030110
1056627
1083496
1109488
1135134
1159897
1184360
1208267
1231981
1255734
1278386
1301012
1323385
1345677
1367401
1388861
1410194
1431018
1451699
1472330
1492605
1513012
1532691
1551796
1571237
1590588
1609520
1628298
1646953
1665324
1683501
1701644
1719581
1737762
1755232
1772634
1789965
1807065
1823860
1840835
1857887
1874356
1891148
1907985
1924497
1940596
1956779
1972897
1988804
2004696
2020356
2035908
2051453
2066710
2082030
2097326
2112415
2127767
2143029
2157994
2172800
2187572
2202234
2216944
2231053
2245823
2260194
2274270
2288252
2302363
2316216
2329995
2343906
2357745
2371286
2384903
2398526
2412011
2425337
