3.6959992540068924
7.452838868135586
11.194903939031065
14.986367623088881
18.763859583996236
22.556578640127555
26.360421926015988
30.18330919602886
33.99429927812889
37.807339505059645
41.64097431418486
45.432980760000646
49.24203753913753
53.33654961315915
57.15356867900118
60.971676289103925
64.81019950914197
68.91219614911824
72.97425021207891
76.78840979817323
80.89030066109262
84.9799737771973
89.06963741616346
93.19018648704514
97.32575613213703
101.17585337907076
105.29963845317252
109.13267967803404
113.25881718099117
117.35236587305553
121.44512538798153
125.28630732302554
129.1444462700747
132.9727412671782
137.09385780105367
141.20284687099047
145.47802888508886
149.64223895198666
153.52292345301248
157.71321444702335
161.86337077105418
166.02026328002103
170.17329957406037
174.32525694416836
178.47208358510397
182.6153932600282
186.7462759690825
190.8894846132025
195.0446563421283
199.2002560440451
203.35797329619527
207.5150574441068
211.6825603991747
215.89007983310148
220.1247778951656
224.28792186197825
228.4425188791938
232.62266064202413
236.52865530108102
240.69443949009292
244.86440463806503
249.06115563819185
253.22984410217032
257.44607899710536
261.6082299579866
265.75544863706455
269.9207065170631
274.1427958011627
278.3587530681398
282.60061387415044
286.7866074410267
290.9640456731431
295.17705279798247
299.3696842819918
303.55037097702734
307.7217277281452
311.88832204719074
316.08690301398747
320.2806867940817
324.5278422771953
328.7185522741638
332.87730786413886
337.0651056980714
341.2903605871834
345.54506867798045
349.8007377141621
353.9921211141627
358.2232332751155
362.432161383098
366.63669408205897
370.83414648799226
375.0358465882018
379.2536671201233
383.4484775031451
387.6489746221341
391.82167990109883
396.0166291689966
400.20526067819446
404.4163189411629
